0 0.802430 0.220588 0.075448 0.134271
0 0.496164 0.099105 0.132992 0.067775
0 0.319693 0.118286 0.135550 0.101023
0 0.184783 0.094629 0.116368 0.112532
0 0.109335 0.306905 0.078005 0.143223
0 0.392583 0.317775 0.143223 0.218670
0 0.552430 0.345908 0.148338 0.129156
0 0.425831 0.524297 0.112532 0.081841
0 0.329923 0.569693 0.104859 0.116368
0 0.037724 0.616368 0.075448 0.138107
0 0.103581 0.848465 0.122762 0.124041
0 0.586957 0.737852 0.127877 0.135550
0 0.650256 0.638107 0.147059 0.143223
0 0.788363 0.625959 0.098465 0.141944
0 0.932864 0.560102 0.134271 0.161125