0 0.892583 0.152174 0.125320 0.127877
0 0.668798 0.431586 0.094629 0.118926
0 0.571611 0.482097 0.107417 0.079284
0 0.409207 0.264066 0.122762 0.124041
0 0.347187 0.369565 0.136829 0.145780
0 0.219309 0.375959 0.083120 0.135550
0 0.067775 0.436061 0.135550 0.156010
0 0.966113 0.377238 0.060102 0.135550
0 0.892583 0.691176 0.069054 0.159847
0 0.611253 0.675192 0.132992 0.225064
0 0.446931 0.656650 0.157289 0.134271
0 0.194373 0.771100 0.066496 0.127877
0 0.501918 0.904092 0.129156 0.076726
0 0.680946 0.879156 0.129156 0.108696
0 0.815217 0.904092 0.106138 0.125320