0 0.769821 0.117647 0.127877 0.058824
0 0.605499 0.134910 0.129156 0.106138
0 0.484015 0.120844 0.118926 0.111253
0 0.407289 0.314578 0.060102 0.143223
0 0.198210 0.140026 0.117647 0.080563
0 0.246803 0.256394 0.122762 0.134271
0 0.111893 0.255115 0.121483 0.072890
0 0.664962 0.325448 0.115090 0.216113
0 0.822890 0.347187 0.149616 0.126598
0 0.708440 0.516624 0.099744 0.069054
0 0.614450 0.558824 0.085678 0.109974
0 0.343350 0.606138 0.067775 0.127877
0 0.195013 0.543478 0.136829 0.132992
0 0.141944 0.804348 0.115090 0.079284
0 0.233376 0.922634 0.121483 0.126598
0 0.407289 0.816496 0.113811 0.113811
0 0.863811 0.707161 0.111253 0.120205
0 0.918798 0.615729 0.126598 0.121483