0 0.223785 0.196931 0.130435 0.076726
0 0.559463 0.063299 0.157289 0.126598
0 0.622762 0.211637 0.132992 0.090793
0 0.735294 0.411125 0.117647 0.126598
0 0.637468 0.345269 0.134271 0.132992
0 0.528133 0.574169 0.071611 0.107417
0 0.571611 0.660486 0.109974 0.095908
0 0.850384 0.896419 0.115090 0.120205
0 0.620205 0.960358 0.130435 0.066496
0 0.329923 0.611893 0.212276 0.126598
0 0.349744 0.446931 0.139386 0.157289
0 0.108696 0.500639 0.069054 0.136829
0 0.118926 0.676471 0.099744 0.132992
0 0.095269 0.810102 0.101023 0.113811
0 0.310742 0.890665 0.138107 0.072890