0 0.542839 0.040281 0.090793 0.075448
0 0.664962 0.330563 0.058824 0.113811
0 0.895141 0.283887 0.127877 0.135550
0 0.410486 0.230818 0.109974 0.060102
0 0.263427 0.242327 0.109974 0.088235
0 0.153453 0.223146 0.094629 0.090793
0 0.092072 0.398977 0.058824 0.120205
0 0.316496 0.408568 0.113811 0.177749
0 0.457161 0.427749 0.131714 0.111253
0 0.353581 0.572890 0.090793 0.058824
0 0.274297 0.613171 0.080563 0.106138
0 0.032609 0.652813 0.054987 0.108696
0 0.088235 0.838875 0.097187 0.097187
0 0.487212 0.747442 0.097187 0.101023
0 0.532609 0.666880 0.116368 0.103581
0 0.648338 0.658568 0.074169 0.107417
0 0.766624 0.605499 0.111253 0.139386
0 0.846547 0.677110 0.069054 0.118926
0 0.918798 0.540281 0.118926 0.070332
0 0.936061 0.782609 0.099744 0.089514