0 0.682864 0.411765 0.140665 0.066496
0 0.746164 0.110614 0.060102 0.118926
0 0.859974 0.199488 0.072890 0.117647
0 0.743606 0.245524 0.124041 0.130435
0 0.460997 0.185422 0.118926 0.122762
0 0.196931 0.143862 0.069054 0.124041
0 0.073529 0.232097 0.129156 0.126598
0 0.182225 0.404092 0.113811 0.109974
0 0.397698 0.344629 0.130435 0.062660
0 0.440537 0.616368 0.098465 0.102302
0 0.483376 0.707161 0.058824 0.104859
0 0.673274 0.669437 0.198210 0.134271
0 0.652813 0.822890 0.118926 0.144501
0 0.379795 0.917519 0.130435 0.136829
0 0.285166 0.857417 0.120205 0.113811
0 0.883632 0.476343 0.099744 0.103581
0 0.867647 0.601662 0.108696 0.121483
0 0.879156 0.769821 0.065217 0.138107