0 0.912404 0.160486 0.093350 0.118926
0 0.967391 0.343350 0.054987 0.126598
0 0.723785 0.387468 0.081841 0.092072
0 0.648338 0.429028 0.092072 0.065217
0 0.508951 0.255754 0.107417 0.102302
0 0.461637 0.330563 0.120205 0.113811
0 0.351662 0.337596 0.069054 0.107417
0 0.233376 0.397059 0.113811 0.126598
0 0.151535 0.316496 0.072890 0.126598
0 0.062660 0.221867 0.097187 0.080563
0 0.078005 0.457801 0.109974 0.074169
0 0.335038 0.670716 0.061381 0.103581
0 0.101023 0.716752 0.122762 0.134271
0 0.459719 0.959079 0.090793 0.076726
0 0.544757 0.571611 0.122762 0.109974
0 0.679028 0.589514 0.107417 0.179028
0 0.909847 0.601023 0.067775 0.125320
0 0.840793 0.775575 0.093350 0.095908
0 0.734015 0.757673 0.107417 0.088235
0 0.586957 0.773018 0.112532 0.070332