0 0.865090 0.181586 0.157289 0.176471
0 0.585038 0.233376 0.075448 0.134271
0 0.258951 0.109974 0.147059 0.071611
0 0.067775 0.125959 0.135550 0.121483
0 0.134910 0.339514 0.126598 0.231458
0 0.312020 0.357417 0.161125 0.136829
0 0.178389 0.546675 0.116368 0.080563
0 0.079923 0.592072 0.111253 0.125320
0 0.351662 0.762148 0.127877 0.143223
0 0.414962 0.663683 0.144501 0.140665
0 0.557545 0.650256 0.081841 0.139386
0 0.704604 0.588235 0.135550 0.194373
0 0.801151 0.679028 0.108696 0.148338
0 0.919437 0.799872 0.132992 0.103581
0 0.900895 0.505115 0.144501 0.092072