0 0.503836 0.099105 0.094629 0.157289
0 0.677749 0.196292 0.145780 0.085678
0 0.805627 0.077366 0.115090 0.126598
0 0.175831 0.138107 0.164962 0.153453
0 0.235934 0.426471 0.144501 0.085678
0 0.581841 0.290921 0.163683 0.149616
0 0.654092 0.441176 0.134271 0.086957
0 0.661125 0.583120 0.135550 0.143223
0 0.762148 0.645141 0.127877 0.129156
0 0.360614 0.682864 0.135550 0.148338
0 0.542839 0.812660 0.075448 0.116368
0 0.598465 0.913683 0.127877 0.113811
0 0.338235 0.859335 0.231458 0.132992
0 0.111893 0.744885 0.075448 0.141944
0 0.124680 0.927749 0.106138 0.134271