0 0.654092 0.234655 0.129156 0.121483
0 0.079284 0.199488 0.122762 0.097187
0 0.198849 0.313939 0.088235 0.149616
0 0.445013 0.344629 0.089514 0.139386
0 0.585678 0.331841 0.150895 0.139386
0 0.294118 0.409847 0.153453 0.167519
0 0.091432 0.487212 0.154731 0.092072
0 0.136189 0.823529 0.159847 0.148338
0 0.427749 0.756394 0.080563 0.121483
0 0.683504 0.637468 0.162404 0.141944
0 0.818414 0.453325 0.109974 0.078005
0 0.916240 0.406650 0.098465 0.138107
0 0.865090 0.660486 0.136829 0.228900
0 0.927749 0.863171 0.134271 0.109974
0 0.742967 0.886829 0.140665 0.083120