0 0.598465 0.093990 0.117647 0.057545
0 0.343990 0.033887 0.104859 0.049872
0 0.157928 0.090153 0.095908 0.098465
0 0.387468 0.273657 0.086957 0.081841
0 0.425192 0.353581 0.060102 0.095908
0 0.250639 0.485294 0.097187 0.095908
0 0.334399 0.537084 0.101023 0.120205
0 0.588235 0.317136 0.173913 0.107417
0 0.776854 0.150895 0.088235 0.092072
0 0.758312 0.265345 0.086957 0.113811
0 0.770460 0.407928 0.054987 0.122762
0 0.571611 0.456522 0.112532 0.127877
0 0.670077 0.661765 0.102302 0.052430
0 0.960358 0.538363 0.061381 0.094629
0 0.716752 0.891944 0.129156 0.118926
0 0.338875 0.645780 0.102302 0.069054
0 0.397059 0.764706 0.136829 0.104859
0 0.317136 0.847187 0.120205 0.078005
0 0.220588 0.935422 0.072890 0.103581
0 0.455243 0.921355 0.079284 0.126598