0 0.689258 0.107417 0.138107 0.069054
0 0.378517 0.039003 0.125320 0.062660
0 0.147698 0.095269 0.121483 0.116368
0 0.430946 0.326726 0.107417 0.108696
0 0.474425 0.426471 0.063939 0.113811
0 0.364450 0.650256 0.135550 0.152174
0 0.262148 0.588235 0.127877 0.117647
0 0.676471 0.380435 0.227621 0.126598
0 0.881714 0.319054 0.101023 0.136829
0 0.905371 0.186061 0.112532 0.126598
0 0.902813 0.491688 0.074169 0.139386
0 0.659847 0.547954 0.130435 0.147059
0 0.774936 0.808184 0.122762 0.081841
0 0.372762 0.779412 0.124041 0.078005
0 0.439258 0.927749 0.175192 0.136829