0 0.407289 0.081202 0.116368 0.103581
0 0.454604 0.181586 0.072890 0.107417
0 0.238491 0.349744 0.106138 0.126598
0 0.333760 0.414322 0.122762 0.145780
0 0.638747 0.310742 0.131714 0.163683
0 0.658568 0.138107 0.214834 0.148338
0 0.875320 0.074169 0.103581 0.143223
0 0.890026 0.251279 0.066496 0.147059
0 0.764066 0.575448 0.136829 0.076726
0 0.827366 0.864450 0.161125 0.161125
0 0.352941 0.555627 0.125320 0.093350
0 0.420716 0.701407 0.166240 0.141944
0 0.315857 0.805627 0.158568 0.092072
0 0.488491 0.895141 0.092072 0.148338
0 0.196931 0.915601 0.094629 0.117647