0 0.781330 0.065217 0.076726 0.102302
0 0.541560 0.076726 0.072890 0.117647
0 0.683504 0.153453 0.111253 0.069054
0 0.605499 0.228900 0.131714 0.117647
0 0.278772 0.104859 0.132992 0.125320
0 0.328645 0.339514 0.107417 0.070332
0 0.656650 0.348465 0.106138 0.067775
0 0.663043 0.465473 0.098465 0.130435
0 0.748721 0.515985 0.095908 0.101023
0 0.037084 0.457801 0.074168 0.094629
0 0.231458 0.585678 0.063939 0.109974
0 0.425192 0.545396 0.108696 0.126598
0 0.576087 0.643223 0.054987 0.089514
0 0.612532 0.720588 0.104859 0.078005
0 0.410486 0.682864 0.173913 0.102302
0 0.240409 0.734015 0.081841 0.109974
0 0.225703 0.839514 0.090793 0.090793
0 0.402813 0.907928 0.120205 0.079284
0 0.650256 0.968031 0.106138 0.058824
0 0.839514 0.912404 0.098465 0.111253