0 0.710616 0.065068 0.058219 0.121575
0 0.928938 0.446918 0.090753 0.094178
0 0.829623 0.550514 0.046233 0.116438
0 0.914384 0.584760 0.075342 0.106164
0 0.720034 0.826199 0.080479 0.085616
0 0.363014 0.816781 0.068493 0.073630
0 0.161815 0.884418 0.097603 0.075342
0 0.340753 0.600171 0.044521 0.102740
0 0.291096 0.541952 0.089041 0.078767
0 0.370719 0.457192 0.104452 0.121575
0 0.720890 0.396404 0.092466 0.147260
0 0.526541 0.294521 0.087329 0.063356
0 0.519692 0.115582 0.080479 0.058219
0 0.218322 0.144692 0.090753 0.143836
0 0.443493 0.239726 0.085616 0.080479
0 0.373288 0.300514 0.082192 0.102740
0 0.133562 0.280822 0.078767 0.094178
0 0.091610 0.550514 0.097603 0.102740